loaded W
loaded net
loaded mu
(2_w,5mirr1)-aCMA-ES (mu_w=1.6,w_1=73%) in dimension 3075 (seed=474832, Mon Jul 26 18:40:37 2021)
time : 2.2709700796339246e-05
loaded C
len 5
C [[1.         0.         0.         ... 0.         0.         0.        ]
 [0.         1.00000003 0.         ... 0.         0.         0.        ]
 [0.         0.         1.00000007 ... 0.         0.         0.        ]
 ...
 [0.         0.         0.         ... 1.00009991 0.         0.        ]
 [0.         0.         0.         ... 0.         1.00009994 0.        ]
 [0.         0.         0.         ... 0.         0.         1.00009997]]
mu [ 3.00493342  3.4965295  -4.8244668  ... -3.61657817  2.20002239
  0.25671275]
Track generation: 1132..1419 -> 287-tiles track
step number: 667
sum reward: 3.1300699300701527
Track generation: 1051..1326 -> 275-tiles track
step number: 1616
sum reward: 20.781751824817874
Track generation: 1144..1433 -> 289-tiles track
step number: 559
sum reward: 3.027777777777957
[8.189510489510498, 25.83211678832165, 8.116666666666676]
Track generation: 1101..1388 -> 287-tiles track
step number: 1492
sum reward: 11.53916083916136
Track generation: 1084..1367 -> 283-tiles track
step number: 1463
sum reward: 13.174468085106783
Track generation: 1068..1342 -> 274-tiles track
retry to generate track (normal if there are not manyinstances of this message)
Track generation: 1130..1417 -> 287-tiles track
step number: 693
sum reward: 4.026573426573677
[16.639160839161352, 18.228368794326684, 9.03006993007015]
Track generation: 1187..1488 -> 301-tiles track
step number: 251
sum reward: 1.4666666666666996
Track generation: 1120..1404 -> 284-tiles track
step number: 687
sum reward: 1.8713780918729315
Track generation: 1121..1405 -> 284-tiles track
step number: 651
sum reward: 1.9378091872792864
[6.566666666666667, 6.967137809187279, 6.967137809187279]
Track generation: 1228..1539 -> 311-tiles track
step number: 232
sum reward: 2.506451612903286
Track generation: 1183..1483 -> 300-tiles track
step number: 305
sum reward: 2.8448160535117957
Track generation: 999..1257 -> 258-tiles track
retry to generate track (normal if there are not manyinstances of this message)
Track generation: 1156..1453 -> 297-tiles track
retry to generate track (normal if there are not manyinstances of this message)
Track generation: 1007..1263 -> 256-tiles track
step number: 715
sum reward: 10.752941176470847
[7.5774193548387165, 7.93344481605352, 15.831372549019834]
Track generation: 1324..1659 -> 335-tiles track
step number: 162
sum reward: 1.6640718562874515
Track generation: 1152..1444 -> 292-tiles track
step number: 416
sum reward: 2.973539518900471
Track generation: 1008..1264 -> 256-tiles track
step number: 717
sum reward: 10.552941176470847
[6.682035928143719, 8.009278350515471, 15.631372549019835]
Iterat #Fevals   function value  axis ratio  sigma  min&max std  t[m:s]
    1      5 -1.463253318785273e+01 1.0e+00 9.98e-01  1e+00  1e+00 2:26.3

 
 NEW ITERATION 
 

time : 0.040707148247294954
len 5
C [[ 9.99999849e-01  7.74947244e-08 -1.46581166e-07 ...  8.68441267e-08
  -1.70497727e-08  1.51663823e-07]
 [ 7.74947244e-08  9.99999964e-01 -3.68595655e-08 ... -3.92815903e-08
  -5.12691122e-08 -3.09561804e-09]
 [-1.46581166e-07 -3.68595655e-08  1.00000007e+00 ...  2.65502086e-08
   1.14522660e-07  9.00556858e-08]
 ...
 [ 8.68441267e-08 -3.92815903e-08  2.65502086e-08 ...  1.00009977e+00
  -6.41725270e-09 -4.93283717e-08]
 [-1.70497727e-08 -5.12691122e-08  1.14522660e-07 ... -6.41725270e-09
   1.00010005e+00 -1.56196491e-07]
 [ 1.51663823e-07 -3.09561804e-09  9.00556858e-08 ... -4.93283717e-08
  -1.56196491e-07  1.00009968e+00]]
mu [ 2.59404537  3.54015724 -5.10676425 ... -3.29245758  3.51676047
  0.13620921]
Track generation: 1203..1508 -> 305-tiles track
step number: 93
sum reward: 7.0473684210526635
Track generation: 1280..1604 -> 324-tiles track
step number: 93
sum reward: 6.079876160990747
Track generation: 1287..1613 -> 326-tiles track
step number: 93
sum reward: 5.984615384615418
[12.147368421052645, 11.179876160990728, 11.0846153846154]
Track generation: 1104..1391 -> 287-tiles track
step number: 95
sum reward: 7.8825174825175175
Track generation: 1094..1372 -> 278-tiles track
step number: 91
sum reward: 8.850541516245519
Track generation: 1164..1459 -> 295-tiles track
step number: 91
sum reward: 7.8068027210884665
[12.9825174825175, 13.9505415162455, 12.906802721088448]
Track generation: 1071..1343 -> 272-tiles track
step number: 92
sum reward: 9.150184501845052
Track generation: 1200..1504 -> 304-tiles track
step number: 92
sum reward: 7.2016501650165345
Track generation: 1063..1333 -> 270-tiles track
step number: 92
sum reward: 9.287360594795572
[14.250184501845034, 12.301650165016516, 14.387360594795554]
Track generation: 1023..1289 -> 266-tiles track
step number: 1276
sum reward: 15.696226415094646
Track generation: 1032..1294 -> 262-tiles track
step number: 714
sum reward: 8.959770114942788
Track generation: 1117..1400 -> 283-tiles track
step number: 672
sum reward: 3.621985815603063
[20.69622641509471, 14.028352490421684, 8.638297872340432]
Track generation: 1017..1282 -> 265-tiles track
step number: 95
sum reward: 9.339393939393975
Track generation: 1139..1436 -> 297-tiles track
step number: 95
sum reward: 7.291891891891927
Track generation: 1195..1498 -> 303-tiles track
step number: 91
sum reward: 7.35629139072851
[14.439393939393957, 12.391891891891909, 12.456291390728492]
    2     10 -1.445429225928561e+01 1.0e+00 9.96e-01  1e+00  1e+00 3:18.1

 
 NEW ITERATION 
 

time : 0.05513649947113461
len 5
C [[ 9.99999771e-01  6.99763411e-08 -1.95760697e-07 ... -6.23166463e-09
   1.02226074e-07  2.09720795e-07]
 [ 6.99763411e-08  9.99999714e-01  2.26950396e-08 ...  1.16677085e-09
   1.17011757e-07 -1.04415937e-07]
 [-1.95760697e-07  2.26950396e-08  9.99999863e-01 ...  3.15354850e-08
   4.60638122e-08  9.51966505e-08]
 ...
 [-6.23166463e-09  1.16677085e-09  3.15354850e-08 ...  1.00009961e+00
  -1.75235610e-07 -4.16113559e-08]
 [ 1.02226074e-07  1.17011757e-07  4.60638122e-08 ... -1.75235610e-07
   1.00010008e+00 -1.11532612e-07]
 [ 2.09720795e-07 -1.04415937e-07  9.51966505e-08 ... -4.16113559e-08
  -1.11532612e-07  1.00009948e+00]]
mu [ 1.6612358   3.09022809 -4.734655   ... -2.39224128  2.04033479
 -0.15389343]
Track generation: 1292..1619 -> 327-tiles track
step number: 93
sum reward: 5.937423312883469
Track generation: 1127..1413 -> 286-tiles track
step number: 93
sum reward: 8.14385964912284
Track generation: 1083..1358 -> 275-tiles track
step number: 93
sum reward: 8.848175182481786
[11.037423312883451, 13.243859649122822, 13.948175182481767]
Track generation: 1320..1654 -> 334-tiles track
step number: 165
sum reward: 1.4180180180180413
Track generation: 1185..1485 -> 300-tiles track
step number: 309
sum reward: 2.4448160535117864
Track generation: 1116..1399 -> 283-tiles track
step number: 677
sum reward: 3.1219858156030607
[6.509009009009016, 7.533444816053521, 8.138297872340434]
Track generation: 1196..1497 -> 301-tiles track
step number: 104
sum reward: 9.500000000000039
Track generation: 1072..1344 -> 272-tiles track
step number: 104
sum reward: 11.640221402214046
Track generation: 1192..1494 -> 302-tiles track
step number: 104
sum reward: 9.433554817275784
[14.600000000000021, 16.74022140221404, 14.533554817275766]
Track generation: 1050..1324 -> 274-tiles track
step number: 96
sum reward: 8.615018315018348
Track generation: 1073..1349 -> 276-tiles track
retry to generate track (normal if there are not manyinstances of this message)
Track generation: 1033..1295 -> 262-tiles track
step number: 94
sum reward: 9.657088122605398
Track generation: 1079..1362 -> 283-tiles track
step number: 96
sum reward: 8.030496453900742
[13.71501831501833, 14.75708812260538, 13.130496453900724]
Track generation: 1069..1340 -> 271-tiles track
step number: 51
sum reward: 2.207407407407418
Track generation: 1246..1562 -> 316-tiles track
step number: 51
sum reward: 1.1492063492063544
Track generation: 1271..1593 -> 322-tiles track
step number: 51
sum reward: 1.0305295950155813
[7.307407407407408, 6.249206349206349, 6.1305295950155765]
    3     15 -1.529125873982994e+01 1.0e+00 9.94e-01  1e+00  1e+00 3:59.3

 
 NEW ITERATION 
 

time : 0.06662999384933048
len 5
C [[ 9.99999519e-01  2.88185895e-07 -1.03771704e-07 ... -1.89273595e-08
   2.27393795e-07  4.35276855e-07]
 [ 2.88185895e-07  9.99999363e-01 -1.52355101e-07 ...  1.43141295e-07
  -8.11497262e-08 -3.73398829e-07]
 [-1.03771704e-07 -1.52355101e-07  9.99999660e-01 ...  1.84956318e-07
  -1.17691614e-07 -5.80538683e-08]
 ...
 [-1.89273595e-08  1.43141295e-07  1.84956318e-07 ...  1.00009946e+00
  -1.15390951e-07  1.71513631e-07]
 [ 2.27393795e-07 -8.11497262e-08 -1.17691614e-07 ... -1.15390951e-07
   1.00009997e+00 -3.81522402e-07]
 [ 4.35276855e-07 -3.73398829e-07 -5.80538683e-08 ...  1.71513631e-07
  -3.81522402e-07  1.00009923e+00]]
mu [ 1.73382108  2.50645675 -5.24405841 ... -3.00137736  2.43873948
 -1.56072906]
Track generation: 1099..1378 -> 279-tiles track
step number: 73
sum reward: 6.988489208633119
Track generation: 1117..1400 -> 283-tiles track
step number: 73
sum reward: 6.784397163120593
Track generation: 1231..1543 -> 312-tiles track
step number: 73
sum reward: 5.46173633440517
[12.088489208633101, 11.884397163120575, 10.561736334405152]
Track generation: 1076..1349 -> 273-tiles track
step number: 92
sum reward: 9.082352941176502
Track generation: 1012..1269 -> 257-tiles track
step number: 92
sum reward: 10.231250000000033
Track generation: 1268..1589 -> 321-tiles track
step number: 92
sum reward: 6.325000000000033
[14.182352941176484, 15.331250000000015, 11.425000000000015]
Track generation: 1183..1483 -> 300-tiles track
step number: 96
sum reward: 7.022408026755887
Track generation: 1070..1344 -> 274-tiles track
retry to generate track (normal if there are not manyinstances of this message)
Track generation: 1137..1434 -> 297-tiles track
step number: 97
sum reward: 7.091891891891928
Track generation: 1071..1343 -> 272-tiles track
step number: 96
sum reward: 8.750184501845053
[12.122408026755869, 12.19189189189191, 13.850184501845035]
Track generation: 1263..1592 -> 329-tiles track
step number: 159
sum reward: 2.2926829268293067
Track generation: 1076..1356 -> 280-tiles track
step number: 1467
sum reward: 10.906093189964661
Track generation: 1112..1400 -> 288-tiles track
step number: 555
sum reward: 3.633449477352107
[7.346341463414641, 15.921863799283626, 8.652961672473873]
Track generation: 1107..1388 -> 281-tiles track
step number: 714
sum reward: 3.5000000000002482
Track generation: 1041..1305 -> 264-tiles track
step number: 681
sum reward: 7.845627376426092
Track generation: 1099..1378 -> 279-tiles track
step number: 714
sum reward: 4.039568345323982
[8.528571428571649, 12.943346007604768, 9.042446043165677]
    4     20 -1.364620098039217e+01 1.0e+00 9.92e-01  1e+00  1e+00 5:00.2

 
 NEW ITERATION 
 

time : 0.08358412855201297
len 5
C [[ 9.99999038e-01  6.82728990e-07 -4.35902530e-07 ... -2.91096982e-07
   4.39939169e-07  3.47340069e-07]
 [ 6.82728990e-07  9.99999203e-01 -3.98426764e-08 ...  3.85536217e-07
   1.73146108e-07  2.31009342e-07]
 [-4.35902530e-07 -3.98426764e-08  9.99999467e-01 ... -6.13398676e-09
  -1.98177867e-07 -3.98848356e-07]
 ...
 [-2.91096982e-07  3.85536217e-07 -6.13398676e-09 ...  1.00009926e+00
  -2.97838671e-07 -2.24109823e-07]
 [ 4.39939169e-07  1.73146108e-07 -1.98177867e-07 ... -2.97838671e-07
   1.00009963e+00 -7.91963911e-07]
 [ 3.47340069e-07  2.31009342e-07 -3.98848356e-07 ... -2.24109823e-07
  -7.91963911e-07  1.00009834e+00]]
mu [ 2.63769736  3.80545825 -5.87289677 ... -2.71274695  2.44432734
 -1.03486185]
Track generation: 1167..1463 -> 296-tiles track
step number: 86
sum reward: 4.859322033898335
Track generation: 1043..1312 -> 269-tiles track
step number: 87
sum reward: 6.12537313432839
Track generation: 1366..1711 -> 345-tiles track
step number: 86
sum reward: 2.9279069767442114
[9.959322033898317, 11.225373134328372, 8.027906976744198]
Track generation: 1205..1510 -> 305-tiles track
step number: 92
sum reward: 7.147368421052663
Track generation: 1067..1338 -> 271-tiles track
step number: 92
sum reward: 9.218518518518552
Track generation: 1200..1504 -> 304-tiles track
step number: 76
sum reward: 5.501320132013229
[12.247368421052645, 14.318518518518534, 10.60132013201321]
Track generation: 1223..1533 -> 310-tiles track
step number: 104
sum reward: 2.4449838187702557
Track generation: 1065..1352 -> 287-tiles track
step number: 106
sum reward: 3.286013986014021
Track generation: 1198..1508 -> 310-tiles track
step number: 103
sum reward: 2.544983818770256
[7.508737864077679, 8.289510489510498, 7.608737864077678]
Track generation: 1055..1323 -> 268-tiles track
step number: 89
sum reward: 9.726591760299657
Track generation: 1196..1499 -> 303-tiles track
step number: 89
sum reward: 7.556291390728509
Track generation: 1213..1527 -> 314-tiles track
step number: 77
sum reward: 4.979552715654981
[14.826591760299639, 12.65629139072849, 10.079552715654962]
Track generation: 1094..1372 -> 278-tiles track
step number: 89
sum reward: 12.660649819494584
Track generation: 1136..1424 -> 288-tiles track
step number: 90
sum reward: 11.805923344947747
Track generation: 1287..1613 -> 326-tiles track
step number: 90
sum reward: 9.361538461538494
[17.660649819494594, 16.905923344947745, 14.461538461538476]
    5     25 -1.634270387532694e+01 1.0e+00 9.90e-01  1e+00  1e+00 5:35.4

 
 NEW ITERATION 
 

time : 0.09342245711220636
len 5
C [[ 9.99998777e-01  9.12524160e-07 -3.55222674e-07 ... -1.19613227e-07
   6.13131650e-07  2.52909130e-07]
 [ 9.12524160e-07  9.99998957e-01 -3.87890098e-09 ... -1.49659667e-07
  -1.66617175e-07  3.57314478e-07]
 [-3.55222674e-07 -3.87890098e-09  9.99999386e-01 ... -1.92692323e-07
  -2.81386298e-07 -3.66810607e-07]
 ...
 [-1.19613227e-07 -1.49659667e-07 -1.92692323e-07 ...  1.00009910e+00
  -4.36096884e-07 -5.32746437e-08]
 [ 6.13131650e-07 -1.66617175e-07 -2.81386298e-07 ... -4.36096884e-07
   1.00009934e+00 -6.53409313e-07]
 [ 2.52909130e-07  3.57314478e-07 -3.66810607e-07 ... -5.32746437e-08
  -6.53409313e-07  1.00009813e+00]]
mu [ 2.40936801  2.41241607 -6.7031839  ... -1.31312351  2.815756
 -0.89480218]
Track generation: 1251..1568 -> 317-tiles track
step number: 81
sum reward: 7.622784810126614
Track generation: 1068..1339 -> 271-tiles track
step number: 81
sum reward: 10.318518518518548
Track generation: 1128..1414 -> 286-tiles track
step number: 81
sum reward: 9.343859649122836
[12.722784810126596, 15.41851851851853, 14.443859649122818]
Track generation: 1227..1538 -> 311-tiles track
step number: 92
sum reward: 13.280645161290316
Track generation: 1099..1378 -> 279-tiles track
step number: 92
sum reward: 15.879856115107842
Track generation: 1260..1579 -> 319-tiles track
step number: 92
sum reward: 12.712578616352205
[18.280645161290337, 20.87985611510791, 17.712578616352218]
Track generation: 1279..1603 -> 324-tiles track
step number: 95
sum reward: 8.97585139318889
Track generation: 1187..1495 -> 308-tiles track
step number: 95
sum reward: 9.943973941368112
Track generation: 1223..1533 -> 310-tiles track
step number: 95
sum reward: 9.817475728155374
[14.075851393188872, 15.043973941368094, 14.917475728155356]
Track generation: 1097..1375 -> 278-tiles track
step number: 79
sum reward: 6.4404332129964175
Track generation: 912..1150 -> 238-tiles track
step number: 80
sum reward: 8.777637130801716
Track generation: 1141..1430 -> 289-tiles track
step number: 79
sum reward: 5.888888888888918
[11.5404332129964, 13.877637130801698, 10.9888888888889]
Track generation: 1079..1356 -> 277-tiles track
retry to generate track (normal if there are not manyinstances of this message)
Track generation: 1168..1464 -> 296-tiles track
step number: 93
sum reward: 7.549152542372914
Track generation: 1232..1544 -> 312-tiles track
step number: 93
sum reward: 6.6771704180064635
Track generation: 1183..1483 -> 300-tiles track
step number: 93
sum reward: 7.322408026755886
[12.649152542372896, 11.777170418006445, 12.422408026755868]
    6     30 -1.895769329758349e+01 1.0e+00 9.88e-01  1e+00  1e+00 6:10.4

 
 NEW ITERATION 
 

time : 0.10318479312790765
len 5
C [[ 9.99998765e-01  9.63394585e-07 -3.24907667e-07 ... -1.55647395e-07
   5.44592125e-07  3.10288208e-07]
 [ 9.63394585e-07  9.99998593e-01  2.40576889e-07 ... -2.01481099e-07
  -4.20251667e-07  3.60917254e-07]
 [-3.24907667e-07  2.40576889e-07  9.99999218e-01 ... -1.91939159e-07
  -2.49114179e-07 -3.64124698e-07]
 ...
 [-1.55647395e-07 -2.01481099e-07 -1.91939159e-07 ...  1.00009883e+00
  -1.68584481e-07 -7.96129074e-08]
 [ 5.44592125e-07 -4.20251667e-07 -2.49114179e-07 ... -1.68584481e-07
   1.00009911e+00 -6.29250703e-07]
 [ 3.10288208e-07  3.60917254e-07 -3.64124698e-07 ... -7.96129074e-08
  -6.29250703e-07  1.00009833e+00]]
mu [ 1.70405558  1.75320546 -6.88242917 ... -0.04846851  2.3680281
 -2.45284006]
Track generation: 1116..1399 -> 283-tiles track
step number: 83
sum reward: 9.330496453900738
Track generation: 1232..1544 -> 312-tiles track
step number: 83
sum reward: 7.67717041800646
Track generation: 1140..1429 -> 289-tiles track
step number: 83
sum reward: 8.96111111111114
[14.43049645390072, 12.777170418006442, 14.061111111111122]
Track generation: 1204..1509 -> 305-tiles track
step number: 87
sum reward: 10.936842105263187
Track generation: 1002..1266 -> 264-tiles track
step number: 86
sum reward: 14.113688212927732
Track generation: 1342..1682 -> 340-tiles track
step number: 87
sum reward: 8.899115044247818
[16.03684210526317, 19.11368821292777, 13.9991150442478]
Track generation: 1331..1668 -> 337-tiles track
step number: 93
sum reward: 8.457142857142891
Track generation: 1174..1479 -> 305-tiles track
step number: 94
sum reward: 10.23684210526319
Track generation: 990..1248 -> 258-tiles track
step number: 93
sum reward: 13.946303501945502
[13.557142857142873, 15.336842105263171, 18.946303501945536]
Track generation: 1235..1549 -> 314-tiles track
step number: 95
sum reward: 15.959105431309842
Track generation: 1298..1634 -> 336-tiles track
step number: 95
sum reward: 14.280597014925341
Track generation: 1151..1443 -> 292-tiles track
step number: 95
sum reward: 17.891408934707826
[20.95910543130991, 19.28059701492538, 22.891408934707897]
Track generation: 1145..1442 -> 297-tiles track
step number: 84
sum reward: 8.391891891891923
Track generation: 1183..1483 -> 300-tiles track
step number: 83
sum reward: 8.322408026755882
Track generation: 1161..1455 -> 294-tiles track
step number: 83
sum reward: 8.664846416382282
[13.491891891891905, 13.422408026755864, 13.764846416382264]
    7     35 -2.104370379364773e+01 1.0e+00 9.86e-01  1e+00  1e+00 6:45.6

 
 NEW ITERATION 
 

time : 0.11299506094720628
len 5
C [[ 9.99998387e-01  6.28593991e-07 -2.60225449e-07 ...  2.64930643e-07
   7.36407410e-07  5.01582367e-07]
 [ 6.28593991e-07  9.99997994e-01  3.99039773e-07 ...  4.32654795e-07
  -1.36626364e-07  6.55947839e-07]
 [-2.60225449e-07  3.99039773e-07  9.99999242e-01 ... -2.56028518e-07
  -2.61441068e-07 -3.76720273e-07]
 ...
 [ 2.64930643e-07  4.32654795e-07 -2.56028518e-07 ...  1.00009797e+00
  -5.22778784e-07 -3.93301512e-07]
 [ 7.36407410e-07 -1.36626364e-07 -2.61441068e-07 ... -5.22778784e-07
   1.00009883e+00 -7.93018601e-07]
 [ 5.01582367e-07  6.55947839e-07 -3.76720273e-07 ... -3.93301512e-07
  -7.93018601e-07  1.00009806e+00]]
mu [ 1.39300892  0.86970182 -8.07973442 ...  0.2096176   2.29056333
 -2.33567488]
Track generation: 1184..1491 -> 307-tiles track
step number: 82
sum reward: 8.039869281045782
Track generation: 1279..1603 -> 324-tiles track
step number: 82
sum reward: 7.179876160990743
Track generation: 1044..1314 -> 270-tiles track
step number: 82
sum reward: 10.287360594795569
[13.139869281045764, 12.279876160990725, 15.38736059479555]
Track generation: 1228..1539 -> 311-tiles track
step number: 96
sum reward: 16.10645161290316
Track generation: 1012..1269 -> 257-tiles track
step number: 96
sum reward: 21.549999999999912
Track generation: 1140..1429 -> 289-tiles track
step number: 96
sum reward: 18.077777777777698
[21.106451612903232, 26.549999999999983, 23.07777777777777]
Track generation: 1104..1384 -> 280-tiles track
step number: 113
sum reward: 35.194982078852945
Track generation: 1101..1380 -> 279-tiles track
step number: 113
sum reward: 35.36258992805745
Track generation: 1150..1449 -> 299-tiles track
step number: 116
sum reward: 35.27986577181198
[40.194982078853016, 40.362589928057524, 40.27986577181205]
Track generation: 1139..1428 -> 289-tiles track
step number: 116
sum reward: 36.911111111111005
Track generation: 1136..1424 -> 288-tiles track
step number: 116
sum reward: 37.080487804877926
Track generation: 1069..1343 -> 274-tiles track
retry to generate track (normal if there are not manyinstances of this message)
Track generation: 1143..1438 -> 295-tiles track
step number: 119
sum reward: 39.0204081632652
[41.911111111111076, 42.080487804878, 44.02040816326527]
Track generation: 1076..1349 -> 273-tiles track
step number: 86
sum reward: 9.6823529411765
Track generation: 1184..1484 -> 300-tiles track
step number: 86
sum reward: 8.022408026755883
Track generation: 1108..1389 -> 281-tiles track
step number: 86
sum reward: 9.157142857142889
[14.782352941176482, 13.122408026755865, 14.25714285714287]
    8     40 -4.267066902641812e+01 1.0e+00 9.84e-01  1e+00  1e+00 7:21.8

 
 NEW ITERATION 
 

time : 0.12309470289283328
len 5
C [[ 9.99998465e-01  5.52348854e-07 -1.36282372e-07 ...  2.14430050e-07
   9.75305427e-07  4.97518289e-07]
 [ 5.52348854e-07  9.99997844e-01  4.12095488e-07 ...  4.97381335e-07
  -2.45085800e-07  6.85854682e-07]
 [-1.36282372e-07  4.12095488e-07  9.99999112e-01 ... -2.03420755e-07
  -3.85252456e-07 -2.74915810e-07]
 ...
 [ 2.14430050e-07  4.97381335e-07 -2.03420755e-07 ...  1.00009791e+00
  -6.65115959e-07 -3.44626028e-07]
 [ 9.75305427e-07 -2.45085800e-07 -3.85252456e-07 ... -6.65115959e-07
   1.00009823e+00 -5.76482282e-07]
 [ 4.97518289e-07  6.85854682e-07 -2.74915810e-07 ... -3.44626028e-07
  -5.76482282e-07  1.00009778e+00]]
mu [ 1.85853833  0.26200092 -8.7376262  ... -0.9635075   2.80097669
 -2.49714631]
Track generation: 1163..1458 -> 295-tiles track
step number: 82
sum reward: 8.706802721088463
Track generation: 1051..1328 -> 277-tiles track
step number: 93
sum reward: 15.962318840579632
Track generation: 1047..1318 -> 271-tiles track
step number: 93
sum reward: 12.822222222222223
[13.806802721088445, 20.9623188405797, 17.822222222222237]
Track generation: 1244..1559 -> 315-tiles track
step number: 81
sum reward: 7.723566878980922
Track generation: 1225..1535 -> 310-tiles track
step number: 81
sum reward: 7.981229773462813
Track generation: 1136..1424 -> 288-tiles track
step number: 81
sum reward: 9.221602787456474
[12.823566878980904, 13.081229773462795, 14.321602787456456]
Track generation: 1342..1682 -> 340-tiles track
step number: 84
sum reward: 6.249262536873186
Track generation: 1142..1432 -> 290-tiles track
step number: 84
sum reward: 8.801038062283768
Track generation: 1180..1479 -> 299-tiles track
step number: 84
sum reward: 8.278523489932915
[11.349262536873168, 13.90103806228375, 13.378523489932897]
Track generation: 1102..1383 -> 281-tiles track
retry to generate track (normal if there are not manyinstances of this message)
Track generation: 1148..1446 -> 298-tiles track
step number: 87
sum reward: 11.402020202020225
Track generation: 1114..1398 -> 284-tiles track
step number: 86
sum reward: 12.501413427561838
Track generation: 1195..1498 -> 303-tiles track
step number: 87
sum reward: 11.0675496688742
[16.502020202020216, 17.501413427561847, 16.167549668874184]
Track generation: 1232..1544 -> 312-tiles track
step number: 83
sum reward: 7.67717041800646
Track generation: 1142..1432 -> 290-tiles track
step number: 83
sum reward: 8.901038062283767
Track generation: 1063..1333 -> 270-tiles track
step number: 83
sum reward: 10.18736059479557
[12.777170418006442, 14.00103806228375, 15.287360594795551]
    9     45 -1.753044792796346e+01 1.0e+00 9.82e-01  1e+00  1e+00 7:56.4

 
 NEW ITERATION 
 

time : 0.1327606064743466
len 5
C [[ 9.99998415e-01  5.90392904e-07 -1.77323407e-07 ...  2.38882335e-07
   1.05341229e-06  5.01838467e-07]
 [ 5.90392904e-07  9.99997741e-01  4.04371029e-07 ...  4.11238354e-07
  -2.06472990e-07  6.36581498e-07]
 [-1.77323407e-07  4.04371029e-07  9.99998726e-01 ...  1.92632111e-07
  -2.92681000e-07 -1.08926249e-07]
 ...
 [ 2.38882335e-07  4.11238354e-07  1.92632111e-07 ...  1.00009736e+00
  -9.05816200e-07 -5.38855137e-07]
 [ 1.05341229e-06 -2.06472990e-07 -2.92681000e-07 ... -9.05816200e-07
   1.00009844e+00 -6.30227690e-07]
 [ 5.01838467e-07  6.36581498e-07 -1.08926249e-07 ... -5.38855137e-07
  -6.30227690e-07  1.00009768e+00]]
mu [ 2.28226152  0.25878467 -8.5616327  ... -2.05092863  4.46027393
 -2.63698758]
Track generation: 1047..1313 -> 266-tiles track
step number: 87
sum reward: 13.841509433962244
Track generation: 1179..1478 -> 299-tiles track
step number: 88
sum reward: 11.234228187919488
Track generation: 987..1237 -> 250-tiles track
step number: 87
sum reward: 15.296385542168618
[18.841509433962276, 16.334228187919475, 20.296385542168675]
Track generation: 1089..1365 -> 276-tiles track
step number: 88
sum reward: 9.281818181818213
Track generation: 1065..1335 -> 270-tiles track
step number: 88
sum reward: 9.687360594795571
Track generation: 1047..1313 -> 266-tiles track
step number: 88
sum reward: 9.967924528301921
[14.381818181818195, 14.787360594795553, 15.067924528301903]
Track generation: 1232..1544 -> 312-tiles track
step number: 83
sum reward: 7.67717041800646
Track generation: 1231..1543 -> 312-tiles track
step number: 83
sum reward: 7.67717041800646
Track generation: 1095..1379 -> 284-tiles track
step number: 83
sum reward: 9.267844522968227
[12.777170418006442, 12.777170418006442, 14.367844522968209]
Track generation: 1005..1260 -> 255-tiles track
step number: 82
sum reward: 11.385039370078763
Track generation: 929..1166 -> 237-tiles track
step number: 81
sum reward: 12.986440677966096
Track generation: 1107..1395 -> 288-tiles track
step number: 81
sum reward: 9.221602787456474
[16.485039370078752, 17.98644067796611, 14.321602787456456]
Track generation: 1196..1499 -> 303-tiles track
step number: 81
sum reward: 8.356291390728506
Track generation: 1092..1369 -> 277-tiles track
step number: 81
sum reward: 9.915942028985537
Track generation: 1177..1475 -> 298-tiles track
step number: 81
sum reward: 8.635016835016865
[13.456291390728488, 15.015942028985519, 13.735016835016847]
   10     50 -1.849070772135014e+01 1.0e+00 9.80e-01  1e+00  1e+00 8:30.9

 
 NEW ITERATION 
 

time : 0.14237694064776102
len 5
C [[ 9.99998191e-01  6.52211177e-07 -1.95014436e-07 ...  3.03189773e-07
   1.00462257e-06  4.26397103e-07]
 [ 6.52211177e-07  9.99997450e-01  1.68812789e-07 ...  2.88674305e-07
  -1.19004338e-07  9.69259171e-07]
 [-1.95014436e-07  1.68812789e-07  9.99998536e-01 ...  1.03934508e-07
  -2.31346924e-07  1.56781311e-07]
 ...
 [ 3.03189773e-07  2.88674305e-07  1.03934508e-07 ...  1.00009732e+00
  -8.54310990e-07 -4.19820915e-07]
 [ 1.00462257e-06 -1.19004338e-07 -2.31346924e-07 ... -8.54310990e-07
   1.00009849e+00 -7.39110175e-07]
 [ 4.26397103e-07  9.69259171e-07  1.56781311e-07 ... -4.19820915e-07
  -7.39110175e-07  1.00009735e+00]]
mu [ 1.70500647 -0.06659335 -9.91308    ... -0.82931003  5.26693004
 -2.12471778]
Track generation: 1252..1569 -> 317-tiles track
step number: 89
sum reward: 6.822784810126613
Track generation: 1071..1355 -> 284-tiles track
step number: 85
sum reward: 12.601413427561837
Track generation: 1119..1403 -> 284-tiles track
step number: 89
sum reward: 8.66784452296823
[11.922784810126595, 17.601413427561848, 13.767844522968211]
Track generation: 1226..1541 -> 315-tiles track
step number: 82
sum reward: 7.623566878980922
Track generation: 1258..1576 -> 318-tiles track
step number: 83
sum reward: 7.372870662460597
Track generation: 1051..1319 -> 268-tiles track
retry to generate track (normal if there are not manyinstances of this message)
Track generation: 1269..1599 -> 330-tiles track
step number: 82
sum reward: 6.897568389057781
[12.723566878980904, 12.47287066246058, 11.997568389057763]
Track generation: 1129..1425 -> 296-tiles track
retry to generate track (normal if there are not manyinstances of this message)
Track generation: 1297..1627 -> 330-tiles track
step number: 82
sum reward: 6.897568389057781
Track generation: 1141..1438 -> 297-tiles track
step number: 82
sum reward: 8.591891891891922
Track generation: 1086..1371 -> 285-tiles track
step number: 82
sum reward: 9.305633802816931
[11.997568389057763, 13.691891891891904, 14.405633802816913]
Track generation: 1167..1463 -> 296-tiles track
step number: 90
sum reward: 11.23898305084748
Track generation: 1110..1398 -> 288-tiles track
step number: 81
sum reward: 9.221602787456474
Track generation: 1144..1434 -> 290-tiles track
step number: 89
sum reward: 11.761245674740502
[16.338983050847467, 14.321602787456456, 16.8612456747405]
Track generation: 1203..1508 -> 305-tiles track
step number: 91
sum reward: 7.247368421052663
Track generation: 1150..1446 -> 296-tiles track
step number: 91
sum reward: 7.749152542372913
Track generation: 1177..1474 -> 297-tiles track
step number: 91
sum reward: 7.691891891891926
[12.347368421052645, 12.849152542372895, 12.791891891891908]
   11     55 -1.584061050434814e+01 1.0e+00 9.79e-01  1e+00  1e+00 9:05.8

 
 NEW ITERATION 
 

time : 0.15211749368243746
len 5
C [[ 9.99997618e-01  6.26431126e-07  1.78930882e-07 ...  3.74917155e-07
   1.06704038e-06  3.13546381e-07]
 [ 6.26431126e-07  9.99996888e-01  4.72484941e-07 ...  2.42650142e-07
  -6.57359734e-08  1.41278809e-06]
 [ 1.78930882e-07  4.72484941e-07  9.99998138e-01 ...  7.53283516e-08
  -3.02211777e-07  4.04264158e-08]
 ...
 [ 3.74917155e-07  2.42650142e-07  7.53283516e-08 ...  1.00009730e+00
  -8.20008993e-07 -3.37599065e-07]
 [ 1.06704038e-06 -6.57359734e-08 -3.02211777e-07 ... -8.20008993e-07
   1.00009849e+00 -7.29421350e-07]
 [ 3.13546381e-07  1.41278809e-06  4.04264158e-08 ... -3.37599065e-07
  -7.29421350e-07  1.00009698e+00]]
mu [  1.90427521  -0.78483568 -10.33190518 ...  -1.42341544   4.86853338
  -1.98886447]
Track generation: 1174..1470 -> 296-tiles track
step number: 90
sum reward: 7.849152542372913
Track generation: 1177..1475 -> 298-tiles track
step number: 90
sum reward: 7.735016835016868
Track generation: 1258..1577 -> 319-tiles track
step number: 90
sum reward: 6.623270440251606
[12.949152542372895, 12.83501683501685, 11.723270440251587]
Track generation: 1235..1548 -> 313-tiles track
step number: 87
sum reward: 10.430769230769265
Track generation: 1066..1339 -> 273-tiles track
retry to generate track (normal if there are not manyinstances of this message)
Track generation: 1263..1583 -> 320-tiles track
step number: 87
sum reward: 10.008777429467115
Track generation: 1151..1443 -> 292-tiles track
step number: 87
sum reward: 11.81855670103094
[15.530769230769247, 15.108777429467096, 16.918556701030937]
Track generation: 1333..1670 -> 337-tiles track
step number: 140
sum reward: 45.423809523809375
Track generation: 1002..1261 -> 259-tiles track
step number: 177
sum reward: 110.10697674418651
Track generation: 1176..1474 -> 298-tiles track
step number: 143
sum reward: 56.3070707070706
[50.423809523809446, 115.20697674418622, 61.30707070707067]
Track generation: 1122..1409 -> 287-tiles track
retry to generate track (normal if there are not manyinstances of this message)
Track generation: 1403..1758 -> 355-tiles track
step number: 92
sum reward: 7.649152542372915
Track generation: 1095..1373 -> 278-tiles track
step number: 91
sum reward: 12.460649819494591
Track generation: 1083..1358 -> 275-tiles track
step number: 91
sum reward: 12.697810218978105
[12.749152542372897, 17.4606498194946, 17.697810218978116]
Track generation: 1248..1564 -> 316-tiles track
step number: 104
sum reward: 21.246031746031665
Track generation: 1124..1414 -> 290-tiles track
step number: 104
sum reward: 24.102076124567397
Track generation: 1106..1386 -> 280-tiles track
step number: 104
sum reward: 25.34229390680995
[26.246031746031736, 29.102076124567468, 30.34229390681002]
   12     60 -7.564595232502211e+01 1.0e+00 9.77e-01  1e+00  1e+00 9:51.6

 
 NEW ITERATION 
 

time : 0.1648850303226047
len 5
C [[ 9.99997360e-01  9.48937235e-07  7.47577361e-08 ...  3.31953375e-07
   8.14296417e-07  6.94752913e-08]
 [ 9.48937235e-07  9.99997507e-01  4.34725950e-07 ...  9.66625287e-08
  -2.93234483e-08  1.05036465e-06]
 [ 7.47577361e-08  4.34725950e-07  9.99997925e-01 ...  9.00864069e-08
  -4.44003871e-07  3.47820806e-08]
 ...
 [ 3.31953375e-07  9.66625287e-08  9.00864069e-08 ...  1.00009712e+00
  -8.00901640e-07 -2.62174318e-07]
 [ 8.14296417e-07 -2.93234483e-08 -4.44003871e-07 ... -8.00901640e-07
   1.00009790e+00 -9.02234209e-07]
 [ 6.94752913e-08  1.05036465e-06  3.47820806e-08 ... -2.62174318e-07
  -9.02234209e-07  1.00009690e+00]]
mu [  1.05078322  -3.13173236 -10.21910399 ...  -1.15736407   4.79293644
  -0.97894658]
Track generation: 1254..1571 -> 317-tiles track
step number: 84
sum reward: 7.32278481012661
Track generation: 1090..1368 -> 278-tiles track
retry to generate track (normal if there are not manyinstances of this message)
Track generation: 1151..1443 -> 292-tiles track
step number: 84
sum reward: 8.68213058419247
Track generation: 1126..1412 -> 286-tiles track
step number: 84
sum reward: 9.043859649122837
[12.422784810126592, 13.782130584192451, 14.143859649122819]
Track generation: 1017..1285 -> 268-tiles track
step number: 107
sum reward: 26.65318352059916
Track generation: 1106..1390 -> 284-tiles track
retry to generate track (normal if there are not manyinstances of this message)
Track generation: 1139..1428 -> 289-tiles track
step number: 99
sum reward: 21.24999999999992
Track generation: 956..1205 -> 249-tiles track
step number: 107
sum reward: 29.522580645161185
[31.65318352059923, 26.24999999999999, 34.522580645161256]
Track generation: 1123..1408 -> 285-tiles track
step number: 87
sum reward: 8.805633802816933
Track generation: 1212..1519 -> 307-tiles track
step number: 87
sum reward: 7.539869281045782
Track generation: 1184..1484 -> 300-tiles track
step number: 87
sum reward: 7.922408026755884
[13.905633802816915, 12.639869281045764, 13.022408026755866]
Track generation: 1260..1579 -> 319-tiles track
step number: 77
sum reward: 4.778616352201286
Track generation: 1101..1388 -> 287-tiles track
step number: 77
sum reward: 6.186013986014014
Track generation: 915..1152 -> 237-tiles track
step number: 77
sum reward: 9.14915254237291
[9.878616352201268, 11.286013986013996, 14.249152542372892]
Track generation: 1157..1451 -> 294-tiles track
step number: 84
sum reward: 8.564846416382284
Track generation: 1317..1661 -> 344-tiles track
retry to generate track (normal if there are not manyinstances of this message)
Track generation: 1093..1374 -> 281-tiles track
retry to generate track (normal if there are not manyinstances of this message)
Track generation: 1183..1486 -> 303-tiles track
retry to generate track (normal if there are not manyinstances of this message)
Track generation: 1231..1543 -> 312-tiles track
step number: 84
sum reward: 7.57717041800646
Track generation: 1264..1584 -> 320-tiles track
step number: 84
sum reward: 7.1739811912226
[13.664846416382266, 12.677170418006442, 12.273981191222582]
   13     65 -3.080858805525349e+01 1.0e+00 9.75e-01  1e+00  1e+00 10:26.6

 
 NEW ITERATION 
 

time : 0.17463779475953844
len 5
C [[ 9.99997134e-01  8.93140128e-07  2.87658108e-07 ...  2.92182614e-07
   7.33233731e-07 -1.28756174e-07]
 [ 8.93140128e-07  9.99997452e-01  6.21511086e-07 ...  7.60521671e-08
   3.35395018e-09  9.19484922e-07]
 [ 2.87658108e-07  6.21511086e-07  9.99997675e-01 ...  1.03568056e-07
  -3.30917536e-07  2.20075665e-07]
 ...
 [ 2.92182614e-07  7.60521671e-08  1.03568056e-07 ...  1.00009705e+00
  -8.30389195e-07 -2.84084311e-07]
 [ 7.33233731e-07  3.35395018e-09 -3.30917536e-07 ... -8.30389195e-07
   1.00009787e+00 -9.54477419e-07]
 [-1.28756174e-07  9.19484922e-07  2.20075665e-07 ... -2.84084311e-07
  -9.54477419e-07  1.00009679e+00]]
mu [  0.25784763  -4.25220267 -10.05421422 ...  -1.14065287   3.7908665
  -0.99166057]
Track generation: 1152..1444 -> 292-tiles track
step number: 90
sum reward: 8.082130584192472
Track generation: 1104..1382 -> 278-tiles track
step number: 90
sum reward: 8.950541516245519
Track generation: 1048..1321 -> 273-tiles track
step number: 89
sum reward: 9.382352941176501
[13.182130584192453, 14.0505415162455, 14.482352941176483]
Track generation: 1091..1368 -> 277-tiles track
step number: 88
sum reward: 9.21594202898554
Track generation: 1187..1489 -> 302-tiles track
step number: 88
sum reward: 7.711295681063154
Track generation: 1068..1339 -> 271-tiles track
step number: 88
sum reward: 9.61851851851855
[14.315942028985521, 12.811295681063136, 14.718518518518533]
Track generation: 1269..1590 -> 321-tiles track
step number: 108
sum reward: 20.349999999999916
Track generation: 1248..1564 -> 316-tiles track
step number: 108
sum reward: 20.84603174603166
Track generation: 1154..1446 -> 292-tiles track
step number: 108
sum reward: 23.46426116838478
[25.349999999999987, 25.84603174603173, 28.46426116838485]
Track generation: 1220..1529 -> 309-tiles track
step number: 92
sum reward: 13.427272727272715
Track generation: 1108..1389 -> 281-tiles track
step number: 92
sum reward: 15.699999999999942
Track generation: 1057..1325 -> 268-tiles track
step number: 92
sum reward: 16.917228464419406
[18.42727272727274, 20.700000000000006, 21.917228464419477]
Track generation: 1199..1502 -> 303-tiles track
step number: 85
sum reward: 7.9562913907285076
Track generation: 1191..1493 -> 302-tiles track
step number: 85
sum reward: 8.011295681063153
Track generation: 1182..1488 -> 306-tiles track
step number: 89
sum reward: 7.393442622950852
[13.05629139072849, 13.111295681063135, 12.493442622950834]
   14     70 -2.655343097147219e+01 1.0e+00 9.73e-01  1e+00  1e+00 11:02.0

 
 NEW ITERATION 
 

time : 0.18454018301433986
len 5
C [[ 9.99997404e-01  8.82620548e-07  6.17284672e-07 ...  2.62294160e-07
   6.98403916e-07 -1.64191449e-07]
 [ 8.82620548e-07  9.99997121e-01  6.96260569e-07 ...  1.33821742e-07
   7.02411941e-08  7.56965262e-07]
 [ 6.17284672e-07  6.96260569e-07  9.99997804e-01 ...  5.14139481e-08
  -3.79208852e-07  2.23775880e-07]
 ...
 [ 2.62294160e-07  1.33821742e-07  5.14139481e-08 ...  1.00009689e+00
  -8.48452232e-07 -2.28948105e-07]
 [ 6.98403916e-07  7.02411941e-08 -3.79208852e-07 ... -8.48452232e-07
   1.00009770e+00 -9.00917595e-07]
 [-1.64191449e-07  7.56965262e-07  2.23775880e-07 ... -2.28948105e-07
  -9.00917595e-07  1.00009654e+00]]
mu [ 2.11174167 -3.97499113 -8.52528653 ... -1.39772603  3.55095157
 -1.03479063]
Track generation: 1134..1427 -> 293-tiles track
step number: 91
sum reward: 7.9232876712329094
Track generation: 1075..1348 -> 273-tiles track
step number: 91
sum reward: 9.182352941176502
Track generation: 1156..1449 -> 293-tiles track
step number: 91
sum reward: 7.9232876712329094
[13.023287671232891, 14.282352941176484, 13.023287671232891]
Track generation: 1203..1508 -> 305-tiles track
step number: 92
sum reward: 13.726315789473665
Track generation: 1118..1401 -> 283-tiles track
step number: 92
sum reward: 15.522695035460933
Track generation: 1176..1474 -> 298-tiles track
step number: 92
sum reward: 14.269023569023535
[18.726315789473695, 20.522695035460995, 19.269023569023574]
Track generation: 1206..1511 -> 305-tiles track
step number: 104
sum reward: 19.10526315789466
Track generation: 1224..1534 -> 310-tiles track
step number: 104
sum reward: 18.626213592232933
Track generation: 1192..1534 -> 342-tiles track
retry to generate track (normal if there are not manyinstances of this message)
Track generation: 1113..1403 -> 290-tiles track
step number: 101
sum reward: 20.941868512110652
